------- AERODYN v15.00.* BLADE DEFINITION INPUT FILE -------------------------------------
NREL 5.0 MW offshore baseline aerodynamic blade input properties; note that we need to add the aerodynamic center to this file
======  Blade Properties =================================================================
         300   NumBlNds           - Number of blade nodes used in the analysis (-)
  BlSpn        BlCrvAC        BlSwpAC        BlCrvAng       BlTwist        BlChord          BlAFID
   (m)           (m)            (m)            (deg)         (deg)           (m)              (-)
0    0    0    0    13.308    3.542    1
0.2056852843    -0.002189121725    -0.009254864349    0    13.308    3.56236786    1
0.4113705686    -0.004378243449    -0.0185097287    0    13.308    3.58273572    1
0.6170558528    -0.006567365174    -0.02776459305    0    13.308    3.60310358    1
0.8227411371    -0.008756486899    -0.0370194574    0    13.308    3.623471439    1
1.028426421    -0.01094560862    -0.04627432175    0    13.308    3.643839299    1
1.234111706    -0.01313473035    -0.0555291861    0    13.308    3.664207159    1
1.43979699    -0.01532385207    -0.06478405045    0    13.308    3.684575019    1
1.645482274    -0.0175129738    -0.0740389148    0    13.308    3.704942879    1
1.851167559    -0.01970209552    -0.08329377914    0    13.308    3.725310739    1
2.056852843    -0.02189121725    -0.09254864349    0    13.308    3.745678599    1
2.262538127    -0.02408033897    -0.1018035078    0    13.308    3.766046458    1
2.468223411    -0.0262694607    -0.1110583722    0    13.308    3.786414318    1
2.673908696    -0.02845858242    -0.1203132365    0    13.308    3.806782178    2
2.87959398    -0.03064770415    -0.1295681009    0    13.308    3.827150038    2
3.085279264    -0.03283682587    -0.1388229652    0    13.308    3.847517898    2
3.290964548    -0.0350259476    -0.1480778296    0    13.308    3.867885758    2
3.496649833    -0.03721506932    -0.1573326939    0    13.308    3.888253618    2
3.702335117    -0.03940419105    -0.1665875583    0    13.308    3.908621477    2
3.908020401    -0.04159331277    -0.1758424226    0    13.308    3.928989337    2
4.113705686    -0.04378243449    -0.185097287    0    13.308    3.949357197    2
4.31939097    -0.04597155622    -0.1943521513    0    13.308    3.969725057    2
4.525076254    -0.04816067794    -0.2036070157    0    13.308    3.990092917    2
4.730761538    -0.05034979967    -0.21286188    0    13.308    4.010460777    2
4.936446823    -0.05253892139    -0.2221167444    0    13.308    4.030828637    2
5.142132107    -0.05472804312    -0.2313716087    0    13.308    4.051196496    2
5.347817391    -0.05691716484    -0.2406264731    0    13.308    4.071564356    2
5.553502676    -0.05910628657    -0.2498813374    0    13.308    4.091932216    2
5.75918796    -0.06129540829    -0.2591362018    0    13.308    4.112300076    2
5.964873244    -0.06348453002    -0.2683910661    0    13.308    4.132667936    2
6.170558528    -0.06567365174    -0.2776459305    0    13.308    4.153035796    2
6.376243813    -0.06786277347    -0.2869007948    0    13.308    4.173403656    2
6.581929097    -0.07005189519    -0.2961556592    0    13.308    4.193771515    2
6.787614381    -0.07224101692    -0.3054105235    0    13.308    4.214139375    2
6.993299666    -0.07443013864    -0.3146653879    0    13.308    4.234507235    2
7.19898495    -0.07661926037    -0.3239202522    0    13.308    4.254875095    2
7.404670234    -0.07880838209    -0.3331751166    0    13.308    4.275242955    2
7.610355518    -0.08099750381    -0.3424299809    0    13.308    4.295610815    2
7.816040803    -0.08318662554    -0.3516848453    0    13.308    4.315978675    3
8.021726087    -0.08537574726    -0.3609397096    0    13.308    4.336346534    3
8.227411371    -0.08756486899    -0.370194574    0    13.308    4.356714394    3
8.433096656    -0.08975399071    -0.3794494383    0    13.308    4.377082254    3
8.63878194    -0.09194311244    -0.3887043027    0    13.308    4.397450114    3
8.844467224    -0.09413223416    -0.397959167    0    13.308    4.417817974    3
9.050152508    -0.09632135589    -0.4072140314    0    13.308    4.438185834    3
9.255837793    -0.09851047761    -0.4164688957    0    13.308    4.458553694    3
9.461523077    -0.1006995993    -0.4257237601    0    13.308    4.478921553    3
9.667208361    -0.1028887211    -0.4349786244    0    13.308    4.499289413    3
9.872893645    -0.1050778428    -0.4442334888    0    13.308    4.519657273    3
10.07857893    -0.1072669645    -0.4534883531    0    13.308    4.540025133    3
10.28426421    -0.1090192478    -0.4613780162    0    13.29602981    4.556142002    3
10.4899495    -0.1085860638    -0.4624376887    0    13.22417374    4.550991508    3
10.69563478    -0.1081528799    -0.4634973613    0    13.15231767    4.545841015    3
10.90132007    -0.1077196959    -0.4645570338    0    13.0804616    4.540690522    3
11.10700535    -0.1072865119    -0.4656167063    0    13.00860553    4.535540029    3
11.31269064    -0.106853328    -0.4666763788    0    12.93674946    4.530389535    3
11.51837592    -0.106420144    -0.4677360514    0    12.86489339    4.525239042    3
11.7240612    -0.10598696    -0.4687957239    0    12.79303732    4.520088549    3
11.92974649    -0.1055537761    -0.4698553964    0    12.72118125    4.514938055    3
12.13543177    -0.1051205921    -0.4709150689    0    12.64932518    4.509787562    3
12.34111706    -0.1046874082    -0.4719747415    0    12.57746911    4.504637069    3
12.54680234    -0.1042542242    -0.473034414    0    12.50561304    4.499486576    3
12.75248763    -0.1038210402    -0.4740940865    0    12.43375697    4.494336082    3
12.95817291    -0.1033878563    -0.475153759    0    12.36190089    4.489185589    3
13.16385819    -0.1029546723    -0.4762134316    0    12.29004482    4.484035096    3
13.36954348    -0.1025214884    -0.4772731041    0    12.21818875    4.478884602    4
13.57522876    -0.1020883044    -0.4783327766    0    12.14633268    4.473734109    4
13.78091405    -0.1016551204    -0.4793924491    0    12.07447661    4.468583616    4
13.98659933    -0.1012219365    -0.4804521217    0    12.00262054    4.463433122    4
14.19228462    -0.1007887525    -0.4815117942    0    11.93076447    4.458282629    4
14.3979699    -0.1003555686    -0.4825714667    0    11.8589084    4.453132136    4
14.60365518    -0.09992238459    -0.4836311392    0    11.78705233    4.447981643    4
14.80934047    -0.09948920063    -0.4846908118    0    11.71519626    4.442831149    4
15.01502575    -0.09905601667    -0.4857504843    0    11.64334019    4.437680656    4
15.22071104    -0.09862283271    -0.4868101568    0    11.57148412    4.432530163    4
15.42639632    -0.09818964874    -0.4878698293    0    11.49962805    4.427379669    4
15.63208161    -0.09775646478    -0.4889295019    0    11.42777198    4.422229176    4
15.83776689    -0.09732328082    -0.4899891744    0    11.35591591    4.417078683    4
16.04345217    -0.09689009686    -0.4910488469    0    11.28405984    4.411928189    4
16.24913746    -0.0964569129    -0.4921085194    0    11.21220377    4.406777696    4
16.45482274    -0.09602372894    -0.493168192    0    11.1403477    4.401627203    4
16.66050803    -0.09559054498    -0.4942278645    0    11.06849163    4.39647671    4
16.86619331    -0.09515736102    -0.495287537    0    10.99663556    4.391326216    4
17.0718786    -0.09472417705    -0.4963472095    0    10.92477949    4.386175723    4
17.27756388    -0.09429099309    -0.4974068821    0    10.85292342    4.38102523    4
17.48324916    -0.09385780913    -0.4984665546    0    10.78106734    4.375874736    4
17.68893445    -0.09342462517    -0.4995262271    0    10.70921127    4.370724243    4
17.89461973    -0.09299144121    -0.5005858996    0    10.6373552    4.36557375    4
18.10030502    -0.09255825725    -0.5016455722    0    10.56549913    4.360423256    4
18.3059903    -0.09212507329    -0.5027052447    0    10.49364306    4.355272763    4
18.51167559    -0.09169188933    -0.5037649172    0    10.42178699    4.35012227    4
18.71736087    -0.09125870537    -0.5048245897    0    10.34993092    4.344971777    4
18.92304615    -0.0908255214    -0.5058842622    0    10.27807485    4.339821283    4
19.12873144    -0.09039233744    -0.5069439348    0    10.20621878    4.33467079    4
19.33441672    -0.08995915348    -0.5080036073    0    10.13436271    4.329520297    4
19.54010201    -0.08952596952    -0.5090632798    0    10.06250664    4.324369803    5
19.74578729    -0.08909278556    -0.5101229523    0    9.99065057    4.31921931    5
19.95147258    -0.0886596016    -0.5111826249    0    9.9187945    4.314068817    5
20.15715786    -0.08822641764    -0.5122422974    0    9.846938429    4.308918324    5
20.36284314    -0.08779323368    -0.5133019699    0    9.775082359    4.30376783    5
20.56852843    -0.08736004971    -0.5143616424    0    9.703226288    4.298617337    5
20.77421371    -0.08692686575    -0.515421315    0    9.631370218    4.293466844    5
20.979899    -0.08649368179    -0.5164809875    0    9.559514147    4.28831635    5
21.18558428    -0.08606049783    -0.51754066    0    9.487658077    4.283165857    5
21.39126957    -0.08562731387    -0.5186003325    0    9.415802006    4.278015364    5
21.59695485    -0.08519412991    -0.5196600051    0    9.343945936    4.27286487    5
21.80264013    -0.08476094595    -0.5207196776    0    9.272089865    4.267714377    5
22.00832542    -0.08432776199    -0.5217793501    0    9.200233795    4.262563884    5
22.2140107    -0.08389457803    -0.5228390226    0    9.128377725    4.257413391    5
22.41969599    -0.08346139406    -0.5238986952    0    9.056521654    4.252262897    5
22.62538127    -0.08292780431    -0.5240261935    0    8.988630761    4.244421967    5
22.83106656    -0.08222065317    -0.522542336    0    8.927594071    4.231930348    5
23.03675184    -0.08151350203    -0.5210584785    0    8.866557381    4.21943873    5
23.24243712    -0.08080635089    -0.5195746211    0    8.805520691    4.206947111    5
23.44812241    -0.08009919974    -0.5180907636    0    8.744484001    4.194455493    5
23.65380769    -0.0793920486    -0.5166069062    0    8.683447311    4.181963874    5
23.85949298    -0.07868489746    -0.5151230487    0    8.622410621    4.169472256    5
24.06517826    -0.07797774632    -0.5136391913    0    8.561373931    4.156980637    5
24.27086355    -0.07727059518    -0.5121553338    0    8.500337241    4.144489019    5
24.47654883    -0.07656344404    -0.5106714764    0    8.439300551    4.1319974    5
24.68223411    -0.0758562929    -0.5091876189    0    8.378263861    4.119505782    5
24.8879194    -0.07514914176    -0.5077037615    0    8.317227171    4.107014163    5
25.09360468    -0.07444199062    -0.506219904    0    8.25619048    4.094522545    5
25.29928997    -0.07373483947    -0.5047360466    0    8.19515379    4.082030926    5
25.50497525    -0.07302768833    -0.5032521891    0    8.1341171    4.069539308    5
25.71066054    -0.07232053719    -0.5017683317    0    8.07308041    4.057047689    6
25.91634582    -0.07161338605    -0.5002844742    0    8.01204372    4.044556071    6
26.1220311    -0.07090623491    -0.4988006167    0    7.95100703    4.032064452    6
26.32771639    -0.07019908377    -0.4973167593    0    7.88997034    4.019572834    6
26.53340167    -0.06949193263    -0.4958329018    0    7.82893365    4.007081216    6
26.73908696    -0.06878478149    -0.4943490444    0    7.76789696    3.994589597    6
26.94477224    -0.06807763035    -0.4928651869    0    7.70686027    3.982097979    6
27.15045753    -0.0673704792    -0.4913813295    0    7.64582358    3.96960636    6
27.35614281    -0.06666332806    -0.489897472    0    7.58478689    3.957114742    6
27.56182809    -0.06595617692    -0.4884136146    0    7.5237502    3.944623123    6
27.76751338    -0.06524902578    -0.4869297571    0    7.46271351    3.932131505    6
27.97319866    -0.06454187464    -0.4854458997    0    7.40167682    3.919639886    6
28.17888395    -0.0638347235    -0.4839620422    0    7.34064013    3.907148268    6
28.38456923    -0.06312757236    -0.4824781848    0    7.27960344    3.894656649    6
28.59025452    -0.06242042122    -0.4809943273    0    7.21856675    3.882165031    6
28.7959398    -0.06171327008    -0.4795104699    0    7.15753006    3.869673412    6
29.00162508    -0.06100611893    -0.4780266124    0    7.096493369    3.857181794    6
29.20731037    -0.06029896779    -0.4765427549    0    7.035456679    3.844690175    6
29.41299565    -0.05959181665    -0.4750588975    0    6.974419989    3.832198557    6
29.61868094    -0.05888466551    -0.47357504    0    6.913383299    3.819706938    6
29.82436622    -0.05817751437    -0.4720911826    0    6.852346609    3.80721532    6
30.03005151    -0.05747036323    -0.4706073251    0    6.791309919    3.794723701    6
30.23573679    -0.05676321209    -0.4691234677    0    6.730273229    3.782232083    6
30.44142207    -0.05605606095    -0.4676396102    0    6.669236539    3.769740464    6
30.64710736    -0.05534890981    -0.4661557528    0    6.608199849    3.757248846    6
30.85279264    -0.05464175866    -0.4646718953    0    6.547163159    3.744757227    6
31.05847793    -0.05393460752    -0.4631880379    0    6.486126469    3.732265609    6
31.26416321    -0.05322745638    -0.4617041804    0    6.425089779    3.71977399    6
31.46984849    -0.05252030524    -0.460220323    0    6.364053089    3.707282372    6
31.67553378    -0.0518131541    -0.4587364655    0    6.303016399    3.694790753    6
31.88121906    -0.05110600296    -0.4572526081    0    6.241979709    3.682299135    7
32.08690435    -0.05039885182    -0.4557687506    0    6.180943019    3.669807516    7
32.29258963    -0.04969170068    -0.4542848931    0    6.119906329    3.657315898    7
32.49827492    -0.04898454953    -0.4528010357    0    6.058869639    3.644824279    7
32.7039602    -0.04827739839    -0.4513171782    0    5.997832949    3.632332661    7
32.90964548    -0.04757024725    -0.4498333208    0    5.936796259    3.619841042    7
33.11533077    -0.04686309611    -0.4483494633    0    5.875759568    3.607349424    7
33.32101605    -0.04615594497    -0.4468656059    0    5.814722878    3.594857806    7
33.52670134    -0.04544879383    -0.4453817484    0    5.753686188    3.582366187    7
33.73238662    -0.04474164269    -0.443897891    0    5.692649498    3.569874569    7
33.93807191    -0.04403449155    -0.4424140335    0    5.631612808    3.55738295    7
34.14375719    -0.04332734041    -0.4409301761    0    5.570576118    3.544891332    7
34.34944247    -0.04262018926    -0.4394463186    0    5.509539428    3.532399713    7
34.55512776    -0.04191303812    -0.4379624612    0    5.448502738    3.519908095    7
34.76081304    -0.04120588698    -0.4364786037    0    5.387466048    3.507416476    7
34.96649833    -0.04060960283    -0.4349807077    0    5.329232895    3.4950101    7
35.17218361    -0.04009819449    -0.4334720644    0    5.27314603    3.482668983    7
35.3778689    -0.03958678615    -0.431963421    0    5.217059164    3.470327866    7
35.58355418    -0.03907537781    -0.4304547776    0    5.160972299    3.457986749    7
35.78923946    -0.03856396947    -0.4289461343    0    5.104885434    3.445645632    7
35.99492475    -0.03805256113    -0.4274374909    0    5.048798568    3.433304515    7
36.20061003    -0.03754115279    -0.4259288475    0    4.992711703    3.420963398    7
36.40629532    -0.03702974445    -0.4244202042    0    4.936624838    3.408622281    7
36.6119806    -0.03651833611    -0.4229115608    0    4.880537972    3.396281164    7
36.81766589    -0.03600692777    -0.4214029174    0    4.824451107    3.383940047    7
37.02335117    -0.03549551943    -0.4198942741    0    4.768364242    3.37159893    7
37.22903645    -0.03498411109    -0.4183856307    0    4.712277376    3.359257813    7
37.43472174    -0.03447270275    -0.4168769873    0    4.656190511    3.346916696    7
37.64040702    -0.03396129441    -0.415368344    0    4.600103646    3.334575579    7
37.84609231    -0.03344988606    -0.4138597006    0    4.54401678    3.322234462    7
38.05177759    -0.03293847772    -0.4123510572    0    4.487929915    3.309893344    7
38.25746288    -0.03242706938    -0.4108424139    0    4.43184305    3.297552227    7
38.46314816    -0.03191566104    -0.4093337705    0    4.375756185    3.28521111    7
38.66883344    -0.0314042527    -0.4078251271    0    4.319669319    3.272869993    7
38.87451873    -0.03089284436    -0.4063164838    0    4.263582454    3.260528876    7
39.08020401    -0.03038143602    -0.4048078404    0    4.207495589    3.248187759    8
39.2858893    -0.02987002768    -0.403299197    0    4.151408723    3.235846642    8
39.49157458    -0.02935861934    -0.4017905537    0    4.095321858    3.223505525    8
39.69725987    -0.028847211    -0.4002819103    0    4.039234993    3.211164408    8
39.90294515    -0.02833580266    -0.3987732669    0    3.983148127    3.198823291    8
40.10863043    -0.02782439432    -0.3972646236    0    3.927061262    3.186482174    8
40.31431572    -0.02731298598    -0.3957559802    0    3.870974397    3.174141057    8
40.520001    -0.02680157764    -0.3942473368    0    3.814887531    3.16179994    8
40.72568629    -0.0262901693    -0.3927386935    0    3.758800666    3.149458823    8
40.93137157    -0.02577876095    -0.3912300501    0    3.702713801    3.137117706    8
41.13705686    -0.02526735261    -0.3897214067    0    3.646626935    3.124776589    8
41.34274214    -0.02475594427    -0.3882127634    0    3.59054007    3.112435472    8
41.54842742    -0.02424453593    -0.38670412    0    3.534453205    3.100094355    8
41.75411271    -0.02373312759    -0.3851954766    0    3.478366339    3.087753237    8
41.95979799    -0.02322171925    -0.3836868333    0    3.422279474    3.07541212    8
42.16548328    -0.02271031091    -0.3821781899    0    3.366192609    3.063071003    8
42.37116856    -0.02219890257    -0.3806695465    0    3.310105743    3.050729886    8
42.57685385    -0.02168749423    -0.3791609032    0    3.254018878    3.038388769    8
42.78253913    -0.02117608589    -0.3776522598    0    3.197932013    3.026047652    8
42.98822441    -0.02066467755    -0.3761436164    0    3.141845147    3.013706535    8
43.1939097    -0.02031093284    -0.3746177151    0    3.096977951    3.001365443    8
43.39959498    -0.02002486781    -0.3730844054    0    3.05692698    2.989024361    8
43.60528027    -0.01973880279    -0.3715510958    0    3.016876009    2.97668328    8
43.81096555    -0.01945273776    -0.3700177862    0    2.976825038    2.964342198    8
44.01665084    -0.01916667273    -0.3684844766    0    2.936774067    2.952001116    8
44.22233612    -0.01888060771    -0.3669511669    0    2.896723097    2.939660035    8
44.4280214    -0.01859454268    -0.3654178573    0    2.856672126    2.927318953    8
44.63370669    -0.01830847765    -0.3638845477    0    2.816621155    2.914977871    8
44.83939197    -0.01802241263    -0.362351238    0    2.776570184    2.90263679    8
45.04507726    -0.0177363476    -0.3608179284    0    2.736519213    2.890295708    8
45.25076254    -0.01745028258    -0.3592846188    0    2.696468242    2.877954626    8
45.45644783    -0.01716421755    -0.3577513091    0    2.656417271    2.865613545    8
45.66213311    -0.01687815252    -0.3562179995    0    2.616366301    2.853272463    8
45.86781839    -0.0165920875    -0.3546846899    0    2.57631533    2.840931381    8
46.07350368    -0.01630602247    -0.3531513802    0    2.536264359    2.8285903    8
46.27918896    -0.01601995745    -0.3516180706    0    2.496213388    2.816249218    8
46.48487425    -0.01573389242    -0.350084761    0    2.456162417    2.803908137    8
46.69055953    -0.01544782739    -0.3485514513    0    2.416111446    2.791567055    8
46.89624482    -0.01516176237    -0.3470181417    0    2.376060476    2.779225973    8
47.1019301    -0.01487569734    -0.3454848321    0    2.336009505    2.766884892    8
47.30761538    -0.01458963232    -0.3439515224    0    2.295958534    2.75454381    8
47.51330067    -0.01430356729    -0.3424182128    0    2.255907563    2.742202728    8
47.71898595    -0.01401750226    -0.3408849032    0    2.215856592    2.729861647    8
47.92467124    -0.01373143724    -0.3393515935    0    2.175805621    2.717520565    8
48.13035652    -0.01344537221    -0.3378182839    0    2.13575465    2.705179483    8
48.33604181    -0.01315930719    -0.3362849743    0    2.09570368    2.692838402    8
48.54172709    -0.01287324216    -0.3347516646    0    2.055652709    2.68049732    8
48.74741237    -0.01258717713    -0.333218355    0    2.015601738    2.668156238    8
48.95309766    -0.01230111211    -0.3316850454    0    1.975550767    2.655815157    8
49.15878294    -0.01201504708    -0.3301517357    0    1.935499796    2.643474075    8
49.36446823    -0.01172898206    -0.3286184261    0    1.895448825    2.631132993    8
49.57015351    -0.01144291703    -0.3270851165    0    1.855397855    2.618791912    8
49.7758388    -0.011156852    -0.3255518068    0    1.815346884    2.60645083    8
49.98152408    -0.01087078698    -0.3240184972    0    1.775295913    2.594109749    8
50.18720936    -0.01058472195    -0.3224851876    0    1.735244942    2.581768667    8
50.39289465    -0.01029865693    -0.3209518779    0    1.695193971    2.569427585    8
50.59857993    -0.0100125919    -0.3194185683    0    1.655143    2.557086504    8
50.80426522    -0.009726526874    -0.3178852587    0    1.615092029    2.544745422    8
51.0099505    -0.009440461848    -0.316351949    0    1.575041059    2.53240434    8
51.21563579    -0.009154396822    -0.3148186394    0    1.534990088    2.520063259    8
51.42132107    -0.008868331796    -0.3132853298    0    1.494939117    2.507722177    8
51.62700635    -0.00858226677    -0.3117520201    0    1.454888146    2.495381095    8
51.83269164    -0.008296201744    -0.3102187105    0    1.414837175    2.483040014    8
52.03837692    -0.008010136718    -0.3086854009    0    1.374786204    2.470698932    8
52.24406221    -0.007724071692    -0.3071520912    0    1.334735233    2.45835785    8
52.44974749    -0.007438006666    -0.3056187816    0    1.294684263    2.446016769    8
52.65543278    -0.00715194164    -0.304085472    0    1.254633292    2.433675687    8
52.86111806    -0.006865876614    -0.3025521623    0    1.214582321    2.421334606    8
53.06680334    -0.006579811588    -0.3010188527    0    1.17453135    2.408993524    8
53.27248863    -0.006293746562    -0.2994855431    0    1.134480379    2.396652442    8
53.47817391    -0.006007681536    -0.2979522334    0    1.094429408    2.384311361    8
53.6838592    -0.00572161651    -0.2964189238    0    1.054378438    2.371970279    8
53.88954448    -0.005435551484    -0.2948856142    0    1.014327467    2.359629197    8
54.09522977    -0.005149486458    -0.2933523045    0    0.9742764959    2.347288116    8
54.30091505    -0.004863421432    -0.2918189949    0    0.934225525    2.334947034    8
54.50660033    -0.004577356406    -0.2902856853    0    0.8941745542    2.322605952    8
54.71228562    -0.004327829567    -0.2883469106    0    0.8579499044    2.30703595    8
54.9179709    -0.004206627224    -0.2849841164    0    0.8351635436    2.28012577    8
55.12365619    -0.004085424882    -0.2816213221    0    0.8123771829    2.25321559    8
55.32934147    -0.003964222539    -0.2782585278    0    0.7895908222    2.22630541    8
55.53502676    -0.003843020196    -0.2748957336    0    0.7668044614    2.199395229    8
55.74071204    -0.003721817854    -0.2715329393    0    0.7440181007    2.172485049    8
55.94639732    -0.003600615511    -0.2681701451    0    0.7212317399    2.145574869    8
56.15208261    -0.003479413168    -0.2648073508    0    0.6984453792    2.118664688    8
56.35776789    -0.003358210826    -0.2614445565    0    0.6756590185    2.091754508    8
56.56345318    -0.003237008483    -0.2580817623    0    0.6528726577    2.064844328    8
56.76913846    -0.003115806141    -0.254718968    0    0.630086297    2.037934147    8
56.97482375    -0.002994603798    -0.2513561737    0    0.6072999363    2.011023967    8
57.18050903    -0.002873401455    -0.2479933795    0    0.5845135755    1.984113787    8
57.38619431    -0.002752199113    -0.2446305852    0    0.5617272148    1.957203606    8
57.5918796    -0.00263099677    -0.241267791    0    0.538940854    1.930293426    8
57.79756488    -0.002509794427    -0.2379049967    0    0.5161544933    1.903383246    8
58.00325017    -0.002388592085    -0.2345422024    0    0.4933681326    1.876473065    8
58.20893545    -0.002267389742    -0.2311794082    0    0.4705817718    1.849562885    8
58.41462074    -0.002146187399    -0.2278166139    0    0.4477954111    1.822652705    8
58.62030602    -0.002024985057    -0.2244538197    0    0.4250090503    1.795742524    8
58.8259913    -0.001903782714    -0.2210910254    0    0.4022226896    1.768832344    8
59.03167659    -0.001782580372    -0.2177282311    0    0.3794363289    1.741922164    8
59.23736187    -0.001661378029    -0.2143654369    0    0.3566499681    1.715011983    8
59.44304716    -0.001540175686    -0.2110026426    0    0.3338636074    1.688101803    8
59.64873244    -0.001418973344    -0.2076398484    0    0.3110772466    1.661191623    8
59.85441773    -0.001297771001    -0.2042770541    0    0.2882908859    1.634281443    8
60.06010301    -0.001176568658    -0.2009142598    0    0.2655045252    1.607371262    8
60.26578829    -0.001055366316    -0.1975514656    0    0.2427181644    1.580461082    8
60.47147358    -0.0009341639732    -0.1941886713    0    0.2199318037    1.553550902    8
60.67715886    -0.0008129616305    -0.190825877    0    0.197145443    1.526640721    8
60.88284415    -0.0006917592879    -0.1874630828    0    0.1743590822    1.499730541    8
61.08852943    -0.0005705569453    -0.1841002885    0    0.1515727215    1.472820361    8
61.29421472    -0.0004493546026    -0.1807374943    0    0.1287863607    1.44591018    8
61.4999    -0.00032815226    -0.1773747    0    0.106    1.419    8

!bjj: because of precision in the BD-AD coupling, 61.5m didn't work, so I changed it to 61.4999m
6.1500000E+01 -3.2815226E-04 -1.7737470E-01 0.0000000E+00  1.0600000E-01  1.4190000E+00        8
